{
 "cells": [
  {
   "cell_type": "markdown",
   "metadata": {},
   "source": [
    "# TP2 - Régression logistique"
   ]
  },
  {
   "cell_type": "markdown",
   "metadata": {},
   "source": [
    "# Question 1.1"
   ]
  },
  {
   "cell_type": "markdown",
   "metadata": {},
   "source": [
    "On pose u = -yi(xi^T w + w0)\n",
    "***********************\n",
    "\n",
    "Gradient par rapport à w0 : la somme se fait de i=1 à i=n : \n",
    "\n",
    "(1/(n*ln(10))  *   ∑((-yi)  /  (1+exp(-yi*(xi^T * w + w0))))\n",
    "\n",
    "= (1/(n*ln(10))  *   ∑[(-yi)  /  (1+exp(u)]\n",
    "\n",
    "***********************\n",
    "\n",
    "\n",
    "Gradient par rapport à w : la somme se fait de i=1 à i=n : \n",
    "\n",
    "(1/(n*ln(10))  *   ∑((-yi*xi)  /  (1+exp(-yi*(xi^T * w + w0)))) + rho * w\n",
    "\n",
    "= (1/(n*ln(10))  *   ∑ [(-yi*xi)  /  (1+exp(u))] + rho * w\n",
    "***********************\n",
    "\n",
    "\n",
    "\n",
    "G(w0,w) = (1/(n*ln(10))  *   ∑ [(-yi)  /  (1+exp(u))] * [1,xi]  + rho * [0,w]\n",
    "\n",
    "(les vecteurs [1,xi] et [0,w] sont des vecteurs colonnes)\n"
   ]
  },
  {
   "cell_type": "markdown",
   "metadata": {},
   "source": [
    "Calculons la matrice hessienne :\n",
    "\n",
    "H = (1/(n*ln(10))  *   ∑((yi^2)  /  ((2*cosh(yi*((xi^T * w + w0) /2)^2) * [1,xi] * [1,xi]^T + [[0,0],[0,rho*I]]\n",
    "\n",
    "[1,xi] est un vecteur colonne\n",
    "\n",
    "H est définie positive donc la fonction est convexe"
   ]
  },
  {
   "cell_type": "markdown",
   "metadata": {},
   "source": [
    "# Question 1.2"
   ]
  },
  {
   "cell_type": "code",
   "execution_count": 7,
   "metadata": {
    "collapsed": false
   },
   "outputs": [
    {
     "name": "stdout",
     "output_type": "stream",
     "text": [
      "[-0.10806849  0.16762328  0.08943686  0.07932573  0.13480013  0.14270294\n",
      "  0.14383831  0.13207348  0.05120594  0.07887357  0.09365882  0.07975509\n",
      "  0.13445739  0.11284862  0.07308809  0.07308809  0.1160873   0.01256654\n",
      "  0.05209113  0.08173799  0.10670863  0.13590913  0.1357164   0.02863087\n",
      "  0.05444503  0.02863087  0.05212031]\n",
      "[[  4.51535181e-02   1.07092702e-02   1.45759365e-02   1.32495927e-02\n",
      "    1.46188329e-02   3.97986068e-03  -4.85968354e-03  -1.48432557e-04\n",
      "    1.99071814e-02   5.70383520e-03   1.02808909e-03  -1.31248907e-03\n",
      "   -1.65912197e-02  -1.51439042e-02  -1.20586032e-02  -1.20586032e-02\n",
      "   -7.05179018e-03  -3.12333164e-03  -8.98509360e-03  -3.12333416e-03\n",
      "   -1.47143612e-02  -1.18406161e-02  -1.17170887e-02  -9.54828881e-03\n",
      "   -5.42487523e-03  -9.54828881e-03  -1.00788621e-02]\n",
      " [  1.07092702e-02   3.22775409e-02   7.19514017e-04   1.79717020e-02\n",
      "    2.73638201e-03  -8.64362891e-03  -5.52337393e-03  -3.09855945e-03\n",
      "   -5.16390342e-04   3.89123470e-03  -4.80244691e-03  -3.48170273e-03\n",
      "   -3.94113453e-03  -3.59809751e-03  -2.86757986e-03  -2.86757986e-03\n",
      "   -1.67249918e-03  -7.40777737e-04  -2.13150689e-03  -7.40775709e-04\n",
      "   -3.49028826e-03  -2.80844662e-03  -2.77914923e-03  -2.26915820e-03\n",
      "   -1.92728871e-03  -2.26915820e-03  -2.78833912e-03]\n",
      " [  1.45759365e-02   7.19514017e-04   6.71078792e-02  -2.42038366e-02\n",
      "    7.68474682e-03   1.29454889e-03  -7.81491232e-04   4.35935555e-03\n",
      "    5.08297345e-03  -4.49277386e-03  -9.75734619e-03  -8.82643892e-03\n",
      "   -5.35601335e-03  -4.88865730e-03  -3.89251235e-03  -3.89251235e-03\n",
      "   -2.27637859e-03  -1.00824119e-03  -2.90098572e-03  -1.00823861e-03\n",
      "   -4.75036969e-03  -3.82241123e-03  -3.78253573e-03  -3.08976859e-03\n",
      "   -2.08986033e-03  -3.08976859e-03  -3.46748824e-03]\n",
      " [  1.32495927e-02   1.79717020e-02  -2.42038366e-02   9.70208107e-02\n",
      "    2.22307606e-03  -2.74801357e-02  -1.48668898e-02  -1.86234080e-02\n",
      "    1.64030372e-02   7.05365375e-03  -1.21636268e-02  -6.99103059e-03\n",
      "   -4.86997538e-03  -4.44541151e-03  -3.54049193e-03  -3.54049193e-03\n",
      "   -2.06923998e-03  -9.16491451e-04  -2.63642654e-03  -9.16493488e-04\n",
      "   -4.31767243e-03  -3.47441749e-03  -3.43817028e-03  -2.80094406e-03\n",
      "   -2.01177320e-03  -2.80094406e-03  -3.21436498e-03]\n",
      " [  1.46188329e-02   2.73638201e-03   7.68474682e-03   2.22307606e-03\n",
      "    4.34712836e-02  -1.12807223e-02  -6.36686633e-03  -5.00356289e-03\n",
      "    1.32787727e-02   1.40388474e-03  -1.58472960e-03  -3.56563457e-04\n",
      "   -5.37867281e-03  -4.91074817e-03  -3.91385939e-03  -3.91385939e-03\n",
      "   -2.28306826e-03  -1.01120768e-03  -2.90830952e-03  -1.01120581e-03\n",
      "   -4.76370343e-03  -3.83337070e-03  -3.79337752e-03  -3.09515360e-03\n",
      "   -2.85456514e-03  -3.09515360e-03  -3.94049798e-03]\n",
      " [  3.97986068e-03  -8.64362891e-03   1.29454889e-03  -2.74801357e-02\n",
      "   -1.12807223e-02   5.63483916e-02   2.07131991e-02   2.46295209e-02\n",
      "   -7.27240474e-03  -6.50161343e-03  -9.65405067e-03  -6.34017377e-03\n",
      "   -1.46635536e-03  -1.33889597e-03  -1.06770292e-03  -1.06770292e-03\n",
      "   -6.21545534e-04  -2.75293922e-04  -7.92392495e-04  -2.75292719e-04\n",
      "   -1.29701903e-03  -1.04374116e-03  -1.03285349e-03  -8.45191467e-04\n",
      "   -9.68685099e-04  -8.45191467e-04  -1.19222723e-03]\n",
      " [ -4.85968354e-03  -5.52337393e-03  -7.81491232e-04  -1.48668898e-02\n",
      "   -6.36686633e-03   2.07131991e-02   1.70845985e-02   1.03034741e-02\n",
      "   -3.45698703e-03  -2.13283578e-03  -4.12578462e-03  -2.42344786e-03\n",
      "    1.78393666e-03   1.62811694e-03   1.29573224e-03   1.29573224e-03\n",
      "    7.58954189e-04   3.36150481e-04   9.66857566e-04   3.36151340e-04\n",
      "    1.58355860e-03   1.27430926e-03   1.26101447e-03   1.02615715e-03\n",
      "    3.81446473e-04   1.02615715e-03   9.59358967e-04]\n",
      " [ -1.48432557e-04  -3.09855945e-03   4.35935555e-03  -1.86234080e-02\n",
      "   -5.00356289e-03   2.46295209e-02   1.03034741e-02   2.32441262e-02\n",
      "   -6.73060691e-03  -5.50981471e-03  -4.69252580e-03  -2.99059742e-03\n",
      "    5.24949427e-05   4.76774985e-05   3.71461534e-05   3.71461534e-05\n",
      "    2.31807986e-05   1.02666015e-05   2.93271051e-05   1.02672947e-05\n",
      "    4.82201991e-05   3.88621490e-05   3.84560090e-05   2.96569508e-05\n",
      "   -2.18096350e-04   2.96569508e-05  -1.13018743e-04]\n",
      " [  1.99071814e-02  -5.16390342e-04   5.08297345e-03   1.64030372e-02\n",
      "    1.32787727e-02  -7.27240474e-03  -3.45698703e-03  -6.73060691e-03\n",
      "    4.29875471e-02   1.44069672e-02  -1.01699170e-02  -1.29399073e-02\n",
      "   -7.32695973e-03  -6.68921892e-03  -5.33129708e-03  -5.33129708e-03\n",
      "   -3.10897553e-03  -1.37700641e-03  -3.96261931e-03  -1.37700853e-03\n",
      "   -6.48814169e-03  -5.22063578e-03  -5.16617573e-03  -4.20925813e-03\n",
      "   -3.56140855e-03  -4.20925813e-03  -5.16112120e-03]\n",
      " [  5.70383520e-03   3.89123470e-03  -4.49277386e-03   7.05365375e-03\n",
      "    1.40388474e-03  -6.50161343e-03  -2.13283578e-03  -5.50981471e-03\n",
      "    1.44069672e-02   3.84931788e-02  -8.44771470e-03  -6.65867714e-03\n",
      "   -2.10077872e-03  -1.91809424e-03  -1.52929538e-03  -1.52929538e-03\n",
      "   -8.90785076e-04  -3.94543724e-04  -1.13552707e-03  -3.94542531e-04\n",
      "   -1.85910811e-03  -1.49586957e-03  -1.48026564e-03  -1.20667911e-03\n",
      "   -1.17267298e-03  -1.20667911e-03  -1.57456064e-03]\n",
      " [  1.02808909e-03  -4.80244691e-03  -9.75734619e-03  -1.21636268e-02\n",
      "   -1.58472960e-03  -9.65405067e-03  -4.12578462e-03  -4.69252580e-03\n",
      "   -1.01699170e-02  -8.44771470e-03   5.24082013e-02   3.03705343e-02\n",
      "   -3.80642820e-04  -3.47770736e-04  -2.78066668e-04  -2.78066668e-04\n",
      "   -1.60562197e-04  -7.11153134e-05  -2.04881994e-04  -7.11144092e-05\n",
      "   -3.35247047e-04  -2.69684268e-04  -2.66871804e-04  -2.19672785e-04\n",
      "   -4.54737311e-04  -2.19672785e-04  -4.34517800e-04]\n",
      " [ -1.31248907e-03  -3.48170273e-03  -8.82643892e-03  -6.99103059e-03\n",
      "   -3.56563457e-04  -6.34017377e-03  -2.42344786e-03  -2.99059742e-03\n",
      "   -1.29399073e-02  -6.65867714e-03   3.03705343e-02   3.18107056e-02\n",
      "    4.80421867e-04   4.38300355e-04   3.48271604e-04   3.48271604e-04\n",
      "    2.04975096e-04   9.07860801e-05   2.60978852e-04   9.07867671e-05\n",
      "    4.27566071e-04   3.44117929e-04   3.40527262e-04   2.76062998e-04\n",
      "   -5.37502454e-05   2.76062998e-04   1.62051863e-04]\n",
      " [ -1.65912197e-02  -3.94113453e-03  -5.35601335e-03  -4.86997538e-03\n",
      "   -5.37867281e-03  -1.46635536e-03   1.78393666e-03   5.24949427e-05\n",
      "   -7.32695973e-03  -2.10077872e-03  -3.80642820e-04   4.80421867e-04\n",
      "    1.08814794e-02   5.58843131e-03   4.45916802e-03   4.45916802e-03\n",
      "    2.59112574e-03   1.14764551e-03   3.30393159e-03   1.14763867e-03\n",
      "    5.40842255e-03   4.35143239e-03   4.30604427e-03   3.50842451e-03\n",
      "    1.99317261e-03   3.50842451e-03   3.70328982e-03]\n",
      " [ -1.51439042e-02  -3.59809751e-03  -4.88865730e-03  -4.44541151e-03\n",
      "   -4.91074817e-03  -1.33889597e-03   1.62811694e-03   4.76774985e-05\n",
      "   -6.68921892e-03  -1.91809424e-03  -3.47770736e-04   4.38300355e-04\n",
      "    5.58843131e-03   9.86598659e-03   4.07439232e-03   4.07439232e-03\n",
      "    2.36508649e-03   1.04752904e-03   3.01478219e-03   1.04752576e-03\n",
      "    4.93620623e-03   3.97162958e-03   3.93020060e-03   3.20237110e-03\n",
      "    1.81928381e-03   3.20237110e-03   3.38022732e-03]\n",
      " [ -1.20586032e-02  -2.86757986e-03  -3.89251235e-03  -3.54049193e-03\n",
      "   -3.91385939e-03  -1.06770292e-03   1.29573224e-03   3.71461534e-05\n",
      "   -5.33129708e-03  -1.52929538e-03  -2.78066668e-04   3.48271604e-04\n",
      "    4.45916802e-03   4.07439232e-03   8.01905833e-03   3.25715357e-03\n",
      "    1.88323620e-03   8.34110354e-04   2.39953997e-03   8.34111027e-04\n",
      "    3.93021951e-03   3.16228133e-03   3.12929253e-03   2.54994456e-03\n",
      "    1.44857940e-03   2.54994456e-03   2.69153041e-03]\n",
      " [ -1.20586032e-02  -2.86757986e-03  -3.89251235e-03  -3.54049193e-03\n",
      "   -3.91385939e-03  -1.06770292e-03   1.29573224e-03   3.71461534e-05\n",
      "   -5.33129708e-03  -1.52929538e-03  -2.78066668e-04   3.48271604e-04\n",
      "    4.45916802e-03   4.07439232e-03   3.25715357e-03   8.01905833e-03\n",
      "    1.88323620e-03   8.34110354e-04   2.39953997e-03   8.34111027e-04\n",
      "    3.93021951e-03   3.16228133e-03   3.12929253e-03   2.54994456e-03\n",
      "    1.44857940e-03   2.54994456e-03   2.69153041e-03]\n",
      " [ -7.05179018e-03  -1.67249918e-03  -2.27637859e-03  -2.06923998e-03\n",
      "   -2.28306826e-03  -6.21545534e-04   7.58954189e-04   2.31807986e-05\n",
      "   -3.10897553e-03  -8.90785076e-04  -1.60562197e-04   2.04975096e-04\n",
      "    2.59112574e-03   2.36508649e-03   1.88323620e-03   1.88323620e-03\n",
      "    5.86323889e-03   4.87782133e-04   1.40323495e-03   4.87782526e-04\n",
      "    2.29800139e-03   1.84919436e-03   1.82990264e-03   1.49119121e-03\n",
      "    8.47222530e-04   1.49119121e-03   1.57405273e-03]\n",
      " [ -3.12333164e-03  -7.40777737e-04  -1.00824119e-03  -9.16491451e-04\n",
      "   -1.01120768e-03  -2.75293922e-04   3.36150481e-04   1.02666015e-05\n",
      "   -1.37700641e-03  -3.94543724e-04  -7.11153134e-05   9.07860801e-05\n",
      "    1.14764551e-03   1.04752904e-03   8.34110354e-04   8.34110354e-04\n",
      "    4.87782133e-04   4.97798652e-03   6.21511419e-04   2.16045367e-04\n",
      "    1.01781971e-03   8.19032682e-04   8.10488121e-04   6.60468415e-04\n",
      "    3.75246116e-04   6.60468415e-04   6.97168880e-04]\n",
      " [ -8.98509360e-03  -2.13150689e-03  -2.90098572e-03  -2.63642654e-03\n",
      "   -2.90830952e-03  -7.92392495e-04   9.66857566e-04   2.93271051e-05\n",
      "   -3.96261931e-03  -1.13552707e-03  -2.04881994e-04   2.60978852e-04\n",
      "    3.30393159e-03   3.01478219e-03   2.39953997e-03   2.39953997e-03\n",
      "    1.40323495e-03   6.21511419e-04   6.55398679e-03   6.21511920e-04\n",
      "    2.93017815e-03   2.35717083e-03   2.33259128e-03   1.90001283e-03\n",
      "    1.07948011e-03   1.90001283e-03   2.00558224e-03]\n",
      " [ -3.12333416e-03  -7.40775709e-04  -1.00823861e-03  -9.16493488e-04\n",
      "   -1.01120581e-03  -2.75292719e-04   3.36151340e-04   1.02672947e-05\n",
      "   -1.37700853e-03  -3.94542531e-04  -7.11144092e-05   9.07867671e-05\n",
      "    1.14763867e-03   1.04752576e-03   8.34111027e-04   8.34111027e-04\n",
      "    4.87782526e-04   2.16045367e-04   6.21511920e-04   4.97795030e-03\n",
      "    1.01781364e-03   8.19032541e-04   8.10487972e-04   6.60468948e-04\n",
      "    3.75246466e-04   6.60468948e-04   6.97169472e-04]\n",
      " [ -1.47143612e-02  -3.49028826e-03  -4.75036969e-03  -4.31767243e-03\n",
      "   -4.76370343e-03  -1.29701903e-03   1.58355860e-03   4.82201991e-05\n",
      "   -6.48814169e-03  -1.85910811e-03  -3.35247047e-04   4.27566071e-04\n",
      "    5.40842255e-03   4.93620623e-03   3.93021951e-03   3.93021951e-03\n",
      "    2.29800139e-03   1.01781971e-03   2.93017815e-03   1.01781364e-03\n",
      "    9.55850648e-03   3.85918244e-03   3.81892879e-03   3.11153975e-03\n",
      "    1.76781519e-03   3.11153975e-03   3.28443309e-03]\n",
      " [ -1.18406161e-02  -2.80844662e-03  -3.82241123e-03  -3.47441749e-03\n",
      "   -3.83337070e-03  -1.04374116e-03   1.27430926e-03   3.88621490e-05\n",
      "   -5.22063578e-03  -1.49586957e-03  -2.69684268e-04   3.44117929e-04\n",
      "    4.35143239e-03   3.97162958e-03   3.16228133e-03   3.16228133e-03\n",
      "    1.84919436e-03   8.19032682e-04   2.35717083e-03   8.19032541e-04\n",
      "    3.85918244e-03   7.86715402e-03   3.07285696e-03   2.50384965e-03\n",
      "    1.42256168e-03   2.50384965e-03   2.64297929e-03]\n",
      " [ -1.17170887e-02  -2.77914923e-03  -3.78253573e-03  -3.43817028e-03\n",
      "   -3.79337752e-03  -1.03285349e-03   1.26101447e-03   3.84560090e-05\n",
      "   -5.16617573e-03  -1.48026564e-03  -2.66871804e-04   3.40527262e-04\n",
      "    4.30604427e-03   3.93020060e-03   3.12929253e-03   3.12929253e-03\n",
      "    1.82990264e-03   8.10488121e-04   2.33259128e-03   8.10487972e-04\n",
      "    3.81892879e-03   3.07285696e-03   7.80270737e-03   2.47772820e-03\n",
      "    1.40772073e-03   2.47772820e-03   2.61540633e-03]\n",
      " [ -9.54828881e-03  -2.26915820e-03  -3.08976859e-03  -2.80094406e-03\n",
      "   -3.09515360e-03  -8.45191467e-04   1.02615715e-03   2.96569508e-05\n",
      "   -4.20925813e-03  -1.20667911e-03  -2.19672785e-04   2.76062998e-04\n",
      "    3.50842451e-03   3.20237110e-03   2.54994456e-03   2.54994456e-03\n",
      "    1.49119121e-03   6.60468415e-04   1.90001283e-03   6.60468948e-04\n",
      "    3.11153975e-03   2.50384965e-03   2.47772820e-03   6.81242352e-03\n",
      "    1.14703706e-03   2.05051876e-03   2.15662295e-03]\n",
      " [ -5.42487523e-03  -1.92728871e-03  -2.08986033e-03  -2.01177320e-03\n",
      "   -2.85456514e-03  -9.68685099e-04   3.81446473e-04  -2.18096350e-04\n",
      "   -3.56140855e-03  -1.17267298e-03  -4.54737311e-04  -5.37502454e-05\n",
      "    1.99317261e-03   1.81928381e-03   1.44857940e-03   1.44857940e-03\n",
      "    8.47222530e-04   3.75246116e-04   1.07948011e-03   3.75246466e-04\n",
      "    1.76781519e-03   1.42256168e-03   1.40772073e-03   1.14703706e-03\n",
      "    1.17405572e-02   1.14703706e-03   5.09258721e-03]\n",
      " [ -9.54828881e-03  -2.26915820e-03  -3.08976859e-03  -2.80094406e-03\n",
      "   -3.09515360e-03  -8.45191467e-04   1.02615715e-03   2.96569508e-05\n",
      "   -4.20925813e-03  -1.20667911e-03  -2.19672785e-04   2.76062998e-04\n",
      "    3.50842451e-03   3.20237110e-03   2.54994456e-03   2.54994456e-03\n",
      "    1.49119121e-03   6.60468415e-04   1.90001283e-03   6.60468948e-04\n",
      "    3.11153975e-03   2.50384965e-03   2.47772820e-03   2.05051876e-03\n",
      "    1.14703706e-03   6.81242352e-03   2.15662295e-03]\n",
      " [ -1.00788621e-02  -2.78833912e-03  -3.46748824e-03  -3.21436498e-03\n",
      "   -3.94049798e-03  -1.19222723e-03   9.59358967e-04  -1.13018743e-04\n",
      "   -5.16112120e-03  -1.57456064e-03  -4.34517800e-04   1.62051863e-04\n",
      "    3.70328982e-03   3.38022732e-03   2.69153041e-03   2.69153041e-03\n",
      "    1.57405273e-03   6.97168880e-04   2.00558224e-03   6.97169472e-04\n",
      "    3.28443309e-03   2.64297929e-03   2.61540633e-03   2.15662295e-03\n",
      "    5.09258721e-03   2.15662295e-03   9.41622020e-03]]\n",
      "2.8478913186e-07\n"
     ]
    }
   ],
   "source": [
    "from cervicalcancerutils import load_cervical_cancer\n",
    "import numpy as np\n",
    "import scipy as sp\n",
    "import math\n",
    "from scipy.optimize import check_grad\n",
    "X,y = load_cervical_cancer(\"riskfactorscervicalcancer.csv\")\n",
    "n,p = X.shape\n",
    "X = np.column_stack((np.ones(n),X))\n",
    "rho = 1./n\n",
    "def f(w):\n",
    "    return float(sum(np.log(1+np.exp(-y[i]*(np.matrix(X[i,:])).dot(w.T))) for i in range(y.shape[0])))/n + rho/2. * np.linalg.norm(w)**2\n",
    "def grad(w):\n",
    "    return np.ravel(1./n * sum(-y[i]/(1+np.exp(y[i]*(np.matrix(X[i,:])).dot(w.T)))*X[i,:].T for i in range(y.shape[0])) + rho * w)\n",
    "def hess(w):\n",
    "    hessienne = 1./n * sum (float(y[i]**2/(2*np.cosh(y[i]/2*(np.matrix(X[i,:])).dot(w.T)))**2) * (np.matrix(X[i,:]).T*np.matrix(X[i,:])) for i in range(y.shape[0]))+rho * np.eye(X.shape[1])\n",
    "    hessienne[0,0]-=rho\n",
    "    return hessienne\n",
    "\n",
    "w_init=np.ones(p+1)\n",
    "print(grad(w_init))\n",
    "print(hess(w_init))\n",
    "print(check_grad(f,grad,w_init))"
   ]
  },
  {
   "cell_type": "markdown",
   "metadata": {},
   "source": [
    "# Question 1.3"
   ]
  },
  {
   "cell_type": "code",
   "execution_count": 8,
   "metadata": {
    "collapsed": false
   },
   "outputs": [
    {
     "data": {
      "text/plain": [
       "(matrix([[ 0.19122153, -0.17203309, -0.04810578, -0.14870863,  0.17237958,\n",
       "          -0.00698031,  0.20650566, -0.03690998,  0.07711366,  0.43045089,\n",
       "           0.12941497,  0.17248157,  0.31840133,  0.17367958,  0.1042114 ,\n",
       "           0.1042114 , -0.39129987,  0.16061291,  0.65549229, -0.3324718 ,\n",
       "           0.63672924, -0.3931593 , -0.39323339,  0.38164194,  0.03076257,\n",
       "           0.38164194,  0.27421301]]), 9)"
      ]
     },
     "execution_count": 8,
     "metadata": {},
     "output_type": "execute_result"
    }
   ],
   "source": [
    "import matplotlib.pyplot as plt\n",
    "\n",
    "def newton(w):\n",
    "    gradient = grad(w)\n",
    "    hessienne = hess(w)\n",
    "    k=0\n",
    "    \n",
    "    while(np.linalg.norm(gradient)>10e-10):\n",
    "        k=k+1\n",
    "        d=-np.linalg.inv(hessienne).dot(gradient)\n",
    "        w=w+d\n",
    "        gradient=grad(w)\n",
    "        hessienne=hess(w)\n",
    "        plt.plot(gradient)\n",
    "        \n",
    "    return(w,k)\n",
    "\n",
    "newton(np.zeros(p+1))"
   ]
  },
  {
   "cell_type": "code",
   "execution_count": 9,
   "metadata": {
    "collapsed": false
   },
   "outputs": [
    {
     "ename": "AttributeError",
     "evalue": "'float' object has no attribute 'T'",
     "output_type": "error",
     "traceback": [
      "\u001b[0;31m---------------------------------------------------------------------------\u001b[0m",
      "\u001b[0;31mAttributeError\u001b[0m                            Traceback (most recent call last)",
      "\u001b[0;32m<ipython-input-9-11b1e9cc4514>\u001b[0m in \u001b[0;36m<module>\u001b[0;34m()\u001b[0m\n\u001b[1;32m      4\u001b[0m \u001b[0mplt\u001b[0m\u001b[1;33m.\u001b[0m\u001b[0mfigure\u001b[0m\u001b[1;33m(\u001b[0m\u001b[1;36m1\u001b[0m\u001b[1;33m,\u001b[0m \u001b[0mfigsize\u001b[0m\u001b[1;33m=\u001b[0m\u001b[1;33m(\u001b[0m\u001b[1;36m15\u001b[0m\u001b[1;33m,\u001b[0m \u001b[1;36m5\u001b[0m\u001b[1;33m)\u001b[0m\u001b[1;33m)\u001b[0m\u001b[1;33m\u001b[0m\u001b[0m\n\u001b[1;32m      5\u001b[0m \u001b[0mplt\u001b[0m\u001b[1;33m.\u001b[0m\u001b[0mtitle\u001b[0m\u001b[1;33m(\u001b[0m\u001b[1;34m'Newton Method'\u001b[0m\u001b[1;33m)\u001b[0m\u001b[1;33m\u001b[0m\u001b[0m\n\u001b[0;32m----> 6\u001b[0;31m \u001b[0mplt\u001b[0m\u001b[1;33m.\u001b[0m\u001b[0mloglog\u001b[0m\u001b[1;33m(\u001b[0m\u001b[0mnewton\u001b[0m\u001b[1;33m(\u001b[0m\u001b[1;36m1e-10\u001b[0m\u001b[1;33m)\u001b[0m\u001b[1;33m[\u001b[0m\u001b[1;36m1\u001b[0m\u001b[1;33m]\u001b[0m\u001b[1;33m)\u001b[0m\u001b[1;33m\u001b[0m\u001b[0m\n\u001b[0m\u001b[1;32m      7\u001b[0m \u001b[0mplt\u001b[0m\u001b[1;33m.\u001b[0m\u001b[0mxlabel\u001b[0m\u001b[1;33m(\u001b[0m\u001b[1;34m\"Iterations\"\u001b[0m\u001b[1;33m)\u001b[0m\u001b[1;33m\u001b[0m\u001b[0m\n\u001b[1;32m      8\u001b[0m \u001b[0mplt\u001b[0m\u001b[1;33m.\u001b[0m\u001b[0mylabel\u001b[0m\u001b[1;33m(\u001b[0m\u001b[1;34m\"Value\"\u001b[0m\u001b[1;33m)\u001b[0m\u001b[1;33m\u001b[0m\u001b[0m\n",
      "\u001b[0;32m<ipython-input-8-c3eb716e4775>\u001b[0m in \u001b[0;36mnewton\u001b[0;34m(w)\u001b[0m\n\u001b[1;32m      2\u001b[0m \u001b[1;33m\u001b[0m\u001b[0m\n\u001b[1;32m      3\u001b[0m \u001b[1;32mdef\u001b[0m \u001b[0mnewton\u001b[0m\u001b[1;33m(\u001b[0m\u001b[0mw\u001b[0m\u001b[1;33m)\u001b[0m\u001b[1;33m:\u001b[0m\u001b[1;33m\u001b[0m\u001b[0m\n\u001b[0;32m----> 4\u001b[0;31m     \u001b[0mgradient\u001b[0m \u001b[1;33m=\u001b[0m \u001b[0mgrad\u001b[0m\u001b[1;33m(\u001b[0m\u001b[0mw\u001b[0m\u001b[1;33m)\u001b[0m\u001b[1;33m\u001b[0m\u001b[0m\n\u001b[0m\u001b[1;32m      5\u001b[0m     \u001b[0mhessienne\u001b[0m \u001b[1;33m=\u001b[0m \u001b[0mhess\u001b[0m\u001b[1;33m(\u001b[0m\u001b[0mw\u001b[0m\u001b[1;33m)\u001b[0m\u001b[1;33m\u001b[0m\u001b[0m\n\u001b[1;32m      6\u001b[0m     \u001b[0mk\u001b[0m\u001b[1;33m=\u001b[0m\u001b[1;36m0\u001b[0m\u001b[1;33m\u001b[0m\u001b[0m\n",
      "\u001b[0;32m<ipython-input-7-d6514daebecd>\u001b[0m in \u001b[0;36mgrad\u001b[0;34m(w)\u001b[0m\n\u001b[1;32m     11\u001b[0m     \u001b[1;32mreturn\u001b[0m \u001b[0mfloat\u001b[0m\u001b[1;33m(\u001b[0m\u001b[0msum\u001b[0m\u001b[1;33m(\u001b[0m\u001b[0mnp\u001b[0m\u001b[1;33m.\u001b[0m\u001b[0mlog\u001b[0m\u001b[1;33m(\u001b[0m\u001b[1;36m1\u001b[0m\u001b[1;33m+\u001b[0m\u001b[0mnp\u001b[0m\u001b[1;33m.\u001b[0m\u001b[0mexp\u001b[0m\u001b[1;33m(\u001b[0m\u001b[1;33m-\u001b[0m\u001b[0my\u001b[0m\u001b[1;33m[\u001b[0m\u001b[0mi\u001b[0m\u001b[1;33m]\u001b[0m\u001b[1;33m*\u001b[0m\u001b[1;33m(\u001b[0m\u001b[0mnp\u001b[0m\u001b[1;33m.\u001b[0m\u001b[0mmatrix\u001b[0m\u001b[1;33m(\u001b[0m\u001b[0mX\u001b[0m\u001b[1;33m[\u001b[0m\u001b[0mi\u001b[0m\u001b[1;33m,\u001b[0m\u001b[1;33m:\u001b[0m\u001b[1;33m]\u001b[0m\u001b[1;33m)\u001b[0m\u001b[1;33m)\u001b[0m\u001b[1;33m.\u001b[0m\u001b[0mdot\u001b[0m\u001b[1;33m(\u001b[0m\u001b[0mw\u001b[0m\u001b[1;33m.\u001b[0m\u001b[0mT\u001b[0m\u001b[1;33m)\u001b[0m\u001b[1;33m)\u001b[0m\u001b[1;33m)\u001b[0m \u001b[1;32mfor\u001b[0m \u001b[0mi\u001b[0m \u001b[1;32min\u001b[0m \u001b[0mrange\u001b[0m\u001b[1;33m(\u001b[0m\u001b[0my\u001b[0m\u001b[1;33m.\u001b[0m\u001b[0mshape\u001b[0m\u001b[1;33m[\u001b[0m\u001b[1;36m0\u001b[0m\u001b[1;33m]\u001b[0m\u001b[1;33m)\u001b[0m\u001b[1;33m)\u001b[0m\u001b[1;33m)\u001b[0m\u001b[1;33m/\u001b[0m\u001b[0mn\u001b[0m \u001b[1;33m+\u001b[0m \u001b[0mrho\u001b[0m\u001b[1;33m/\u001b[0m\u001b[1;36m2.\u001b[0m \u001b[1;33m*\u001b[0m \u001b[0mnp\u001b[0m\u001b[1;33m.\u001b[0m\u001b[0mlinalg\u001b[0m\u001b[1;33m.\u001b[0m\u001b[0mnorm\u001b[0m\u001b[1;33m(\u001b[0m\u001b[0mw\u001b[0m\u001b[1;33m)\u001b[0m\u001b[1;33m**\u001b[0m\u001b[1;36m2\u001b[0m\u001b[1;33m\u001b[0m\u001b[0m\n\u001b[1;32m     12\u001b[0m \u001b[1;32mdef\u001b[0m \u001b[0mgrad\u001b[0m\u001b[1;33m(\u001b[0m\u001b[0mw\u001b[0m\u001b[1;33m)\u001b[0m\u001b[1;33m:\u001b[0m\u001b[1;33m\u001b[0m\u001b[0m\n\u001b[0;32m---> 13\u001b[0;31m     \u001b[1;32mreturn\u001b[0m \u001b[0mnp\u001b[0m\u001b[1;33m.\u001b[0m\u001b[0mravel\u001b[0m\u001b[1;33m(\u001b[0m\u001b[1;36m1.\u001b[0m\u001b[1;33m/\u001b[0m\u001b[0mn\u001b[0m \u001b[1;33m*\u001b[0m \u001b[0msum\u001b[0m\u001b[1;33m(\u001b[0m\u001b[1;33m-\u001b[0m\u001b[0my\u001b[0m\u001b[1;33m[\u001b[0m\u001b[0mi\u001b[0m\u001b[1;33m]\u001b[0m\u001b[1;33m/\u001b[0m\u001b[1;33m(\u001b[0m\u001b[1;36m1\u001b[0m\u001b[1;33m+\u001b[0m\u001b[0mnp\u001b[0m\u001b[1;33m.\u001b[0m\u001b[0mexp\u001b[0m\u001b[1;33m(\u001b[0m\u001b[0my\u001b[0m\u001b[1;33m[\u001b[0m\u001b[0mi\u001b[0m\u001b[1;33m]\u001b[0m\u001b[1;33m*\u001b[0m\u001b[1;33m(\u001b[0m\u001b[0mnp\u001b[0m\u001b[1;33m.\u001b[0m\u001b[0mmatrix\u001b[0m\u001b[1;33m(\u001b[0m\u001b[0mX\u001b[0m\u001b[1;33m[\u001b[0m\u001b[0mi\u001b[0m\u001b[1;33m,\u001b[0m\u001b[1;33m:\u001b[0m\u001b[1;33m]\u001b[0m\u001b[1;33m)\u001b[0m\u001b[1;33m)\u001b[0m\u001b[1;33m.\u001b[0m\u001b[0mdot\u001b[0m\u001b[1;33m(\u001b[0m\u001b[0mw\u001b[0m\u001b[1;33m.\u001b[0m\u001b[0mT\u001b[0m\u001b[1;33m)\u001b[0m\u001b[1;33m)\u001b[0m\u001b[1;33m)\u001b[0m\u001b[1;33m*\u001b[0m\u001b[0mX\u001b[0m\u001b[1;33m[\u001b[0m\u001b[0mi\u001b[0m\u001b[1;33m,\u001b[0m\u001b[1;33m:\u001b[0m\u001b[1;33m]\u001b[0m\u001b[1;33m.\u001b[0m\u001b[0mT\u001b[0m \u001b[1;32mfor\u001b[0m \u001b[0mi\u001b[0m \u001b[1;32min\u001b[0m \u001b[0mrange\u001b[0m\u001b[1;33m(\u001b[0m\u001b[0my\u001b[0m\u001b[1;33m.\u001b[0m\u001b[0mshape\u001b[0m\u001b[1;33m[\u001b[0m\u001b[1;36m0\u001b[0m\u001b[1;33m]\u001b[0m\u001b[1;33m)\u001b[0m\u001b[1;33m)\u001b[0m \u001b[1;33m+\u001b[0m \u001b[0mrho\u001b[0m \u001b[1;33m*\u001b[0m \u001b[0mw\u001b[0m\u001b[1;33m)\u001b[0m\u001b[1;33m\u001b[0m\u001b[0m\n\u001b[0m\u001b[1;32m     14\u001b[0m \u001b[1;32mdef\u001b[0m \u001b[0mhess\u001b[0m\u001b[1;33m(\u001b[0m\u001b[0mw\u001b[0m\u001b[1;33m)\u001b[0m\u001b[1;33m:\u001b[0m\u001b[1;33m\u001b[0m\u001b[0m\n\u001b[1;32m     15\u001b[0m     \u001b[0mhessienne\u001b[0m \u001b[1;33m=\u001b[0m \u001b[1;36m1.\u001b[0m\u001b[1;33m/\u001b[0m\u001b[0mn\u001b[0m \u001b[1;33m*\u001b[0m \u001b[0msum\u001b[0m \u001b[1;33m(\u001b[0m\u001b[0mfloat\u001b[0m\u001b[1;33m(\u001b[0m\u001b[0my\u001b[0m\u001b[1;33m[\u001b[0m\u001b[0mi\u001b[0m\u001b[1;33m]\u001b[0m\u001b[1;33m**\u001b[0m\u001b[1;36m2\u001b[0m\u001b[1;33m/\u001b[0m\u001b[1;33m(\u001b[0m\u001b[1;36m2\u001b[0m\u001b[1;33m*\u001b[0m\u001b[0mnp\u001b[0m\u001b[1;33m.\u001b[0m\u001b[0mcosh\u001b[0m\u001b[1;33m(\u001b[0m\u001b[0my\u001b[0m\u001b[1;33m[\u001b[0m\u001b[0mi\u001b[0m\u001b[1;33m]\u001b[0m\u001b[1;33m/\u001b[0m\u001b[1;36m2\u001b[0m\u001b[1;33m*\u001b[0m\u001b[1;33m(\u001b[0m\u001b[0mnp\u001b[0m\u001b[1;33m.\u001b[0m\u001b[0mmatrix\u001b[0m\u001b[1;33m(\u001b[0m\u001b[0mX\u001b[0m\u001b[1;33m[\u001b[0m\u001b[0mi\u001b[0m\u001b[1;33m,\u001b[0m\u001b[1;33m:\u001b[0m\u001b[1;33m]\u001b[0m\u001b[1;33m)\u001b[0m\u001b[1;33m)\u001b[0m\u001b[1;33m.\u001b[0m\u001b[0mdot\u001b[0m\u001b[1;33m(\u001b[0m\u001b[0mw\u001b[0m\u001b[1;33m.\u001b[0m\u001b[0mT\u001b[0m\u001b[1;33m)\u001b[0m\u001b[1;33m)\u001b[0m\u001b[1;33m)\u001b[0m\u001b[1;33m**\u001b[0m\u001b[1;36m2\u001b[0m\u001b[1;33m)\u001b[0m \u001b[1;33m*\u001b[0m \u001b[1;33m(\u001b[0m\u001b[0mnp\u001b[0m\u001b[1;33m.\u001b[0m\u001b[0mmatrix\u001b[0m\u001b[1;33m(\u001b[0m\u001b[0mX\u001b[0m\u001b[1;33m[\u001b[0m\u001b[0mi\u001b[0m\u001b[1;33m,\u001b[0m\u001b[1;33m:\u001b[0m\u001b[1;33m]\u001b[0m\u001b[1;33m)\u001b[0m\u001b[1;33m.\u001b[0m\u001b[0mT\u001b[0m\u001b[1;33m*\u001b[0m\u001b[0mnp\u001b[0m\u001b[1;33m.\u001b[0m\u001b[0mmatrix\u001b[0m\u001b[1;33m(\u001b[0m\u001b[0mX\u001b[0m\u001b[1;33m[\u001b[0m\u001b[0mi\u001b[0m\u001b[1;33m,\u001b[0m\u001b[1;33m:\u001b[0m\u001b[1;33m]\u001b[0m\u001b[1;33m)\u001b[0m\u001b[1;33m)\u001b[0m \u001b[1;32mfor\u001b[0m \u001b[0mi\u001b[0m \u001b[1;32min\u001b[0m \u001b[0mrange\u001b[0m\u001b[1;33m(\u001b[0m\u001b[0my\u001b[0m\u001b[1;33m.\u001b[0m\u001b[0mshape\u001b[0m\u001b[1;33m[\u001b[0m\u001b[1;36m0\u001b[0m\u001b[1;33m]\u001b[0m\u001b[1;33m)\u001b[0m\u001b[1;33m)\u001b[0m\u001b[1;33m+\u001b[0m\u001b[0mrho\u001b[0m \u001b[1;33m*\u001b[0m \u001b[0mnp\u001b[0m\u001b[1;33m.\u001b[0m\u001b[0meye\u001b[0m\u001b[1;33m(\u001b[0m\u001b[0mX\u001b[0m\u001b[1;33m.\u001b[0m\u001b[0mshape\u001b[0m\u001b[1;33m[\u001b[0m\u001b[1;36m1\u001b[0m\u001b[1;33m]\u001b[0m\u001b[1;33m)\u001b[0m\u001b[1;33m\u001b[0m\u001b[0m\n",
      "\u001b[0;32m<ipython-input-7-d6514daebecd>\u001b[0m in \u001b[0;36m<genexpr>\u001b[0;34m(.0)\u001b[0m\n\u001b[1;32m     11\u001b[0m     \u001b[1;32mreturn\u001b[0m \u001b[0mfloat\u001b[0m\u001b[1;33m(\u001b[0m\u001b[0msum\u001b[0m\u001b[1;33m(\u001b[0m\u001b[0mnp\u001b[0m\u001b[1;33m.\u001b[0m\u001b[0mlog\u001b[0m\u001b[1;33m(\u001b[0m\u001b[1;36m1\u001b[0m\u001b[1;33m+\u001b[0m\u001b[0mnp\u001b[0m\u001b[1;33m.\u001b[0m\u001b[0mexp\u001b[0m\u001b[1;33m(\u001b[0m\u001b[1;33m-\u001b[0m\u001b[0my\u001b[0m\u001b[1;33m[\u001b[0m\u001b[0mi\u001b[0m\u001b[1;33m]\u001b[0m\u001b[1;33m*\u001b[0m\u001b[1;33m(\u001b[0m\u001b[0mnp\u001b[0m\u001b[1;33m.\u001b[0m\u001b[0mmatrix\u001b[0m\u001b[1;33m(\u001b[0m\u001b[0mX\u001b[0m\u001b[1;33m[\u001b[0m\u001b[0mi\u001b[0m\u001b[1;33m,\u001b[0m\u001b[1;33m:\u001b[0m\u001b[1;33m]\u001b[0m\u001b[1;33m)\u001b[0m\u001b[1;33m)\u001b[0m\u001b[1;33m.\u001b[0m\u001b[0mdot\u001b[0m\u001b[1;33m(\u001b[0m\u001b[0mw\u001b[0m\u001b[1;33m.\u001b[0m\u001b[0mT\u001b[0m\u001b[1;33m)\u001b[0m\u001b[1;33m)\u001b[0m\u001b[1;33m)\u001b[0m \u001b[1;32mfor\u001b[0m \u001b[0mi\u001b[0m \u001b[1;32min\u001b[0m \u001b[0mrange\u001b[0m\u001b[1;33m(\u001b[0m\u001b[0my\u001b[0m\u001b[1;33m.\u001b[0m\u001b[0mshape\u001b[0m\u001b[1;33m[\u001b[0m\u001b[1;36m0\u001b[0m\u001b[1;33m]\u001b[0m\u001b[1;33m)\u001b[0m\u001b[1;33m)\u001b[0m\u001b[1;33m)\u001b[0m\u001b[1;33m/\u001b[0m\u001b[0mn\u001b[0m \u001b[1;33m+\u001b[0m \u001b[0mrho\u001b[0m\u001b[1;33m/\u001b[0m\u001b[1;36m2.\u001b[0m \u001b[1;33m*\u001b[0m \u001b[0mnp\u001b[0m\u001b[1;33m.\u001b[0m\u001b[0mlinalg\u001b[0m\u001b[1;33m.\u001b[0m\u001b[0mnorm\u001b[0m\u001b[1;33m(\u001b[0m\u001b[0mw\u001b[0m\u001b[1;33m)\u001b[0m\u001b[1;33m**\u001b[0m\u001b[1;36m2\u001b[0m\u001b[1;33m\u001b[0m\u001b[0m\n\u001b[1;32m     12\u001b[0m \u001b[1;32mdef\u001b[0m \u001b[0mgrad\u001b[0m\u001b[1;33m(\u001b[0m\u001b[0mw\u001b[0m\u001b[1;33m)\u001b[0m\u001b[1;33m:\u001b[0m\u001b[1;33m\u001b[0m\u001b[0m\n\u001b[0;32m---> 13\u001b[0;31m     \u001b[1;32mreturn\u001b[0m \u001b[0mnp\u001b[0m\u001b[1;33m.\u001b[0m\u001b[0mravel\u001b[0m\u001b[1;33m(\u001b[0m\u001b[1;36m1.\u001b[0m\u001b[1;33m/\u001b[0m\u001b[0mn\u001b[0m \u001b[1;33m*\u001b[0m \u001b[0msum\u001b[0m\u001b[1;33m(\u001b[0m\u001b[1;33m-\u001b[0m\u001b[0my\u001b[0m\u001b[1;33m[\u001b[0m\u001b[0mi\u001b[0m\u001b[1;33m]\u001b[0m\u001b[1;33m/\u001b[0m\u001b[1;33m(\u001b[0m\u001b[1;36m1\u001b[0m\u001b[1;33m+\u001b[0m\u001b[0mnp\u001b[0m\u001b[1;33m.\u001b[0m\u001b[0mexp\u001b[0m\u001b[1;33m(\u001b[0m\u001b[0my\u001b[0m\u001b[1;33m[\u001b[0m\u001b[0mi\u001b[0m\u001b[1;33m]\u001b[0m\u001b[1;33m*\u001b[0m\u001b[1;33m(\u001b[0m\u001b[0mnp\u001b[0m\u001b[1;33m.\u001b[0m\u001b[0mmatrix\u001b[0m\u001b[1;33m(\u001b[0m\u001b[0mX\u001b[0m\u001b[1;33m[\u001b[0m\u001b[0mi\u001b[0m\u001b[1;33m,\u001b[0m\u001b[1;33m:\u001b[0m\u001b[1;33m]\u001b[0m\u001b[1;33m)\u001b[0m\u001b[1;33m)\u001b[0m\u001b[1;33m.\u001b[0m\u001b[0mdot\u001b[0m\u001b[1;33m(\u001b[0m\u001b[0mw\u001b[0m\u001b[1;33m.\u001b[0m\u001b[0mT\u001b[0m\u001b[1;33m)\u001b[0m\u001b[1;33m)\u001b[0m\u001b[1;33m)\u001b[0m\u001b[1;33m*\u001b[0m\u001b[0mX\u001b[0m\u001b[1;33m[\u001b[0m\u001b[0mi\u001b[0m\u001b[1;33m,\u001b[0m\u001b[1;33m:\u001b[0m\u001b[1;33m]\u001b[0m\u001b[1;33m.\u001b[0m\u001b[0mT\u001b[0m \u001b[1;32mfor\u001b[0m \u001b[0mi\u001b[0m \u001b[1;32min\u001b[0m \u001b[0mrange\u001b[0m\u001b[1;33m(\u001b[0m\u001b[0my\u001b[0m\u001b[1;33m.\u001b[0m\u001b[0mshape\u001b[0m\u001b[1;33m[\u001b[0m\u001b[1;36m0\u001b[0m\u001b[1;33m]\u001b[0m\u001b[1;33m)\u001b[0m\u001b[1;33m)\u001b[0m \u001b[1;33m+\u001b[0m \u001b[0mrho\u001b[0m \u001b[1;33m*\u001b[0m \u001b[0mw\u001b[0m\u001b[1;33m)\u001b[0m\u001b[1;33m\u001b[0m\u001b[0m\n\u001b[0m\u001b[1;32m     14\u001b[0m \u001b[1;32mdef\u001b[0m \u001b[0mhess\u001b[0m\u001b[1;33m(\u001b[0m\u001b[0mw\u001b[0m\u001b[1;33m)\u001b[0m\u001b[1;33m:\u001b[0m\u001b[1;33m\u001b[0m\u001b[0m\n\u001b[1;32m     15\u001b[0m     \u001b[0mhessienne\u001b[0m \u001b[1;33m=\u001b[0m \u001b[1;36m1.\u001b[0m\u001b[1;33m/\u001b[0m\u001b[0mn\u001b[0m \u001b[1;33m*\u001b[0m \u001b[0msum\u001b[0m \u001b[1;33m(\u001b[0m\u001b[0mfloat\u001b[0m\u001b[1;33m(\u001b[0m\u001b[0my\u001b[0m\u001b[1;33m[\u001b[0m\u001b[0mi\u001b[0m\u001b[1;33m]\u001b[0m\u001b[1;33m**\u001b[0m\u001b[1;36m2\u001b[0m\u001b[1;33m/\u001b[0m\u001b[1;33m(\u001b[0m\u001b[1;36m2\u001b[0m\u001b[1;33m*\u001b[0m\u001b[0mnp\u001b[0m\u001b[1;33m.\u001b[0m\u001b[0mcosh\u001b[0m\u001b[1;33m(\u001b[0m\u001b[0my\u001b[0m\u001b[1;33m[\u001b[0m\u001b[0mi\u001b[0m\u001b[1;33m]\u001b[0m\u001b[1;33m/\u001b[0m\u001b[1;36m2\u001b[0m\u001b[1;33m*\u001b[0m\u001b[1;33m(\u001b[0m\u001b[0mnp\u001b[0m\u001b[1;33m.\u001b[0m\u001b[0mmatrix\u001b[0m\u001b[1;33m(\u001b[0m\u001b[0mX\u001b[0m\u001b[1;33m[\u001b[0m\u001b[0mi\u001b[0m\u001b[1;33m,\u001b[0m\u001b[1;33m:\u001b[0m\u001b[1;33m]\u001b[0m\u001b[1;33m)\u001b[0m\u001b[1;33m)\u001b[0m\u001b[1;33m.\u001b[0m\u001b[0mdot\u001b[0m\u001b[1;33m(\u001b[0m\u001b[0mw\u001b[0m\u001b[1;33m.\u001b[0m\u001b[0mT\u001b[0m\u001b[1;33m)\u001b[0m\u001b[1;33m)\u001b[0m\u001b[1;33m)\u001b[0m\u001b[1;33m**\u001b[0m\u001b[1;36m2\u001b[0m\u001b[1;33m)\u001b[0m \u001b[1;33m*\u001b[0m \u001b[1;33m(\u001b[0m\u001b[0mnp\u001b[0m\u001b[1;33m.\u001b[0m\u001b[0mmatrix\u001b[0m\u001b[1;33m(\u001b[0m\u001b[0mX\u001b[0m\u001b[1;33m[\u001b[0m\u001b[0mi\u001b[0m\u001b[1;33m,\u001b[0m\u001b[1;33m:\u001b[0m\u001b[1;33m]\u001b[0m\u001b[1;33m)\u001b[0m\u001b[1;33m.\u001b[0m\u001b[0mT\u001b[0m\u001b[1;33m*\u001b[0m\u001b[0mnp\u001b[0m\u001b[1;33m.\u001b[0m\u001b[0mmatrix\u001b[0m\u001b[1;33m(\u001b[0m\u001b[0mX\u001b[0m\u001b[1;33m[\u001b[0m\u001b[0mi\u001b[0m\u001b[1;33m,\u001b[0m\u001b[1;33m:\u001b[0m\u001b[1;33m]\u001b[0m\u001b[1;33m)\u001b[0m\u001b[1;33m)\u001b[0m \u001b[1;32mfor\u001b[0m \u001b[0mi\u001b[0m \u001b[1;32min\u001b[0m \u001b[0mrange\u001b[0m\u001b[1;33m(\u001b[0m\u001b[0my\u001b[0m\u001b[1;33m.\u001b[0m\u001b[0mshape\u001b[0m\u001b[1;33m[\u001b[0m\u001b[1;36m0\u001b[0m\u001b[1;33m]\u001b[0m\u001b[1;33m)\u001b[0m\u001b[1;33m)\u001b[0m\u001b[1;33m+\u001b[0m\u001b[0mrho\u001b[0m \u001b[1;33m*\u001b[0m \u001b[0mnp\u001b[0m\u001b[1;33m.\u001b[0m\u001b[0meye\u001b[0m\u001b[1;33m(\u001b[0m\u001b[0mX\u001b[0m\u001b[1;33m.\u001b[0m\u001b[0mshape\u001b[0m\u001b[1;33m[\u001b[0m\u001b[1;36m1\u001b[0m\u001b[1;33m]\u001b[0m\u001b[1;33m)\u001b[0m\u001b[1;33m\u001b[0m\u001b[0m\n",
      "\u001b[0;31mAttributeError\u001b[0m: 'float' object has no attribute 'T'"
     ]
    },
    {
     "data": {
